9 0.21953125 0.7890625 0.4125 0.38125
9 0.7734375 0.78515625 0.3921875 0.36796875
9 0.371875 0.628125 0.30546875 0.30390625
9 0.721875 0.6734375 0.31875 0.27890625
9 0.68828125 0.62109375 0.30703125 0.24765625
9 0.74765625 0.55078125 0.15859375 0.12890625
9 0.753125 0.43984375 0.13984375 0.1046875
9 0.51015625 0.4734375 0.22421875 0.14921875
9 0.5203125 0.43046875 0.1984375 0.1015625
9 0.515625 0.390625 0.18203125 0.05625
9 0.4953125 0.390625 0.1859375 0.08125
9 0.48125 0.38203125 0.18515625 0.0828125
9 0.47734375 0.375 0.175 0.0921875
9 0.46640625 0.3671875 0.1546875 0.1015625
9 0.42734375 0.3640625 0.15390625 0.12578125
9 0.40078125 0.33515625 0.14140625 0.096875
9 0.38984375 0.303125 0.13203125 0.0578125
9 0.3421875 0.221875 0.03984375 0.0734375
9 0.3734375 0.2328125 0.04296875 0.0703125
9 0.5015625 0.2671875 0.05 0.0859375
9 0.53515625 0.2546875 0.0359375 0.0484375
9 0.40859375 0.2046875 0.02734375 0.0296875
9 0.4390625 0.203125 0.02109375 0.0296875
9 0.4609375 0.2046875 0.02734375 0.0203125
9 0.4875 0.21015625 0.0265625 0.03125
9 0.5171875 0.2140625 0.034375 0.0296875