19 0.5046875 0.3703125 0.990625 0.259375
19 0.57421875 0.53203125 0.69453125 0.11796875
19 0.184375 0.5765625 0.3546875 0.1296875
19 0.1734375 0.59921875 0.3375 0.1046875
19 0.62421875 0.60703125 0.53046875 0.07109375
19 0.78046875 0.56328125 0.01015625 0.04375
19 0.78515625 0.53984375 0.00859375 0.0234375
19 0.60546875 0.5625 0.015625 0.021875
19 0.61640625 0.58515625 0.00859375 0.0453125
19 0.4875 0.60078125 0.0078125 0.04609375
19 0.47421875 0.57890625 0.01796875 0.02109375
19 0.37734375 0.6140625 0.00859375 0.04453125
19 0.36640625 0.596875 0.0140625 0.0125
19 0.23984375 0.546875 0.0625 0.0328125
19 0.23515625 0.56953125 0.01328125 0.03828125