2 0.3765625 0.81484375 0.2421875 0.23515625
19 0.2875 0.8625 0.30625 0.24453125
19 0.0625 0.728125 0.115625 0.23046875
19 0.0328125 0.78125 0.065625 0.18125
19 0.04921875 0.73984375 0.09765625 0.25
19 0.0484375 0.9328125 0.096875 0.13359375
19 0.53984375 0.92890625 0.0578125 0.1421875
19 0.78203125 0.6921875 0.29140625 0.11640625
2 0.78515625 0.75234375 0.42890625 0.21015625
2 0.37578125 0.6171875 0.18203125 0.046875
2 0.35078125 0.83203125 0.21953125 0.24375
19 0.6890625 0.86640625 0.10625 0.115625
19 0.20546875 0.859375 0.13046875 0.1421875
19 0.61015625 0.7953125 0.07265625 0.0453125
2 0.32265625 0.58515625 0.0703125 0.03515625
2 0.096875 0.63125 0.0859375 0.32421875
18 0.76484375 0.53359375 0.4703125 0.2734375
19 0.503125 0.8515625 0.08515625 0.0125
19 0.49765625 0.88515625 0.03515625 0.0421875
19 0.57421875 0.85546875 0.0515625 0.01328125
19 0.565625 0.84453125 0.0859375 0.0125