19 0.5 0.31875 1 0.09375
19 0.525 0.4296875 0.8125 0.0546875
19 0.48515625 0.484375 0.628125 0.0375
2 0.10390625 0.6828125 0.1125 0.634375
2 0.7234375 0.85390625 0.1625 0.1546875
2 0.73046875 0.853125 0.15703125 0.15546875
19 0.67734375 0.96328125 0.10390625 0.07265625
19 0.6375 0.9734375 0.06953125 0.053125
2 0.49921875 0.72109375 0.0921875 0.13203125
5 0.409375 0.7328125 0.040625 0.01171875
5 0.4109375 0.74296875 0.04140625 0.01015625
5 0.41015625 0.75390625 0.04140625 0.01171875
5 0.41015625 0.7640625 0.040625 0.01015625
19 0.25078125 0.7390625 0.0609375 0.16015625
19 0.4578125 0.515625 0.5140625 0.0265625
19 0.43984375 0.540625 0.4296875 0.02109375
19 0.5 0.0625 1 0.125
19 0.90859375 0.90234375 0.1828125 0.09609375
19 0.90703125 0.9328125 0.1859375 0.11875
19 0.91015625 0.95234375 0.1796875 0.0953125
19 0.88046875 0.96640625 0.12109375 0.0671875