19 0.7765625 0.32265625 0.09140625 0.55078125
19 0.66953125 0.34453125 0.07109375 0.48203125
19 0.5765625 0.36171875 0.05234375 0.4203125
19 0.47265625 0.38046875 0.03671875 0.35625
19 0.43359375 0.384375 0.03203125 0.3375
19 0.396875 0.390625 0.02890625 0.31796875
19 0.36953125 0.44921875 0.02734375 0.40625
19 0.296875 0.48515625 0.16796875 0.42734375
19 0.0671875 0.53984375 0.02578125 0.20625
19 0.2453125 0.43828125 0.02578125 0.34921875
19 0.15390625 0.303125 0.015625 0.09609375
19 0.05234375 0.278125 0.01484375 0.0578125