19 0.59296875 0.08359375 0.8140625 0.034375
19 0.62578125 0.26875 0.7484375 0.025
19 0.29140625 0.34375 0.03515625 0.0859375
19 0.65078125 0.3875 0.6984375 0.021875
19 0.58984375 0.228125 0.09140625 0.45546875
19 0.5609375 0.3125 0.10625 0.62421875
19 0.43359375 0.44921875 0.10390625 0.0125
19 0.434375 0.509375 0.09140625 0.01015625
19 0.42734375 0.5546875 0.090625 0.009375
19 0.37109375 0.46171875 0.090625 0.015625
19 0.71171875 0.46484375 0.5765625 0.01875
19 0.3875 0.5203125 0.0765625 0.01328125
19 0.71484375 0.52265625 0.5703125 0.01640625
19 0.4 0.56484375 0.06796875 0.01171875
19 0.7171875 0.5671875 0.56484375 0.01640625
19 0.68984375 0.6015625 0.6203125 0.01640625
19 0.6953125 0.63125 0.609375 0.01484375