2 0.74375 0.55 0.33046875 0.33671875
18 0.71328125 0.50546875 0.5734375 0.44921875
18 0.315625 0.47578125 0.246875 0.35546875
2 0.0828125 0.065625 0.07421875 0.13046875
2 0.26796875 0.103125 0.05625 0.1234375
2 0.43046875 0.14609375 0.05234375 0.10703125
2 0.56171875 0.18125 0.04140625 0.08828125
2 0.675 0.2078125 0.0375 0.0828125
2 0.74453125 0.228125 0.03203125 0.0734375
2 0.8125 0.246875 0.03671875 0.06875
2 0.88359375 0.2609375 0.03125 0.065625
2 0.02109375 0.17109375 0.0421875 0.0921875
2 0.178125 0.2015625 0.04375 0.08515625
2 0.7171875 0.04375 0.0515625 0.0875
2 0.85546875 0.07109375 0.040625 0.1421875
2 0.96015625 0.1265625 0.0359375 0.115625