19 0.3109375 0.8609375 0.31015625 0.27734375
19 0.35703125 0.87578125 0.2484375 0.24765625
18 0.44609375 0.53125 0.359375 0.10078125
18 0.09609375 0.659375 0.19140625 0.15703125
19 0.1390625 0.7296875 0.27734375 0.278125
19 0.459375 0.90859375 0.07265625 0.18203125
19 0.7125 0.79375 0.03359375 0.07734375
19 0.703125 0.78046875 0.0390625 0.07265625
19 0.67109375 0.7796875 0.03671875 0.0703125
19 0.67265625 0.78671875 0.02734375 0.05390625
19 0.68828125 0.76796875 0.028125 0.071875
19 0.68828125 0.78671875 0.025 0.05703125
2 0.49375 0.89609375 0.075 0.11953125
2 0.59140625 0.7796875 0.05234375 0.06640625
18 0.49375 0.36484375 0.21640625 0.2640625