2 0.93359375 0.77578125 0.13203125 0.240625
19 0.79609375 0.75390625 0.0421875 0.1953125
2 0.73984375 0.6953125 0.03671875 0.2640625
19 0.92421875 0.05078125 0.115625 0.0796875
19 0.90078125 0.0640625 0.1984375 0.128125
19 0.74765625 0.2359375 0.29609375 0.08984375
19 0.640625 0.23828125 0.71875 0.22265625
19 0.7765625 0.334375 0.4 0.15078125
19 0.590625 0.29921875 0.70078125 0.1734375
19 0.5328125 0.3390625 0.64375 0.134375
19 0.4859375 0.3703125 0.5953125 0.1078125
19 0.4875 0.14765625 0.221875 0.08828125
19 0.68515625 0.22265625 0.171875 0.065625
19 0.59453125 0.34140625 0.20625 0.11328125
19 0.634375 0.35 0.2140625 0.10625
19 0.58046875 0.26015625 0.3515625 0.25