2 0.8171875 0.36875 0.14453125 0.66484375
19 0.13359375 0.39921875 0.0875 0.79765625
2 0.63359375 0.68984375 0.46484375 0.21796875
19 0.80390625 0.978125 0.08984375 0.04375
19 0.89296875 0.79765625 0.2140625 0.1578125
19 0.58359375 0.9375 0.09609375 0.125
19 0.58515625 0.91328125 0.08125 0.1234375
19 0.596875 0.90625 0.090625 0.12890625
19 0.6 0.86328125 0.0875 0.11484375
19 0.61484375 0.8375 0.0875 0.10625
19 0.80703125 0.94375 0.0765625 0.08125
19 0.8375 0.8875 0.06875 0.09921875
19 0.8546875 0.88828125 0.07109375 0.09453125
19 0.8265625 0.94375 0.06875 0.084375
19 0.90546875 0.90546875 0.1234375 0.10390625
2 0.6390625 0.64921875 0.1734375 0.075