3 0.8953125 0.534375 0.03671875 0.04453125
3 0.88046875 0.5859375 0.03359375 0.07578125
3 0.97109375 0.6859375 0.0359375 0.05625
3 0.98515625 0.56796875 0.0296875 0.04921875
3 0.96875 0.59921875 0.0390625 0.05078125
3 0.9390625 0.625 0.0328125 0.0796875
3 0.903125 0.628125 0.0375 0.07578125
3 0.909375 0.59765625 0.025 0.03359375
3 0.0953125 0.39375 0.0484375 0.0578125
3 0.11796875 0.4171875 0.04296875 0.0609375
3 0.1734375 0.446875 0.02421875 0.05390625
3 0.14140625 0.3796875 0.034375 0.03203125
3 0.36640625 0.4546875 0.02734375 0.0359375
3 0.13359375 0.1453125 0.0296875 0.03203125
3 0.09296875 0.16875 0.0296875 0.02734375
3 0.125 0.16953125 0.02734375 0.02421875
3 0.07734375 0.190625 0.04609375 0.03203125
11 0.303125 0.0421875 0.1484375 0.084375