11 0.29453125 0.33125 0.29140625 0.6296875
11 0.53828125 0.31484375 0.21015625 0.60390625
11 0.7671875 0.36953125 0.27578125 0.6578125
19 0.2109375 0.565625 0.159375 0.26875
19 0.35625 0.5890625 0.0921875 0.25078125
19 0.77265625 0.75546875 0.0828125 0.13984375
19 0.871875 0.7484375 0.17578125 0.0421875
19 0.015625 0.6203125 0.03125 0.125
19 0.021875 0.55078125 0.04375 0.1140625
19 0.41484375 0.65390625 0.11484375 0.07578125
19 0.484375 0.61796875 0.00859375 0.0546875
19 0.53125 0.646875 0.08046875 0.0859375