11 0.49453125 0.4359375 0.43359375 0.87109375
7 0.246875 0.40390625 0.49375 0.3546875
11 0.8390625 0.615625 0.20859375 0.465625
11 0.18515625 0.57890625 0.14921875 0.3828125
11 0.05390625 0.56015625 0.1078125 0.3203125
19 0.809375 0.76953125 0.05625 0.1875
19 0.89609375 0.7734375 0.10625 0.18359375
19 0.96953125 0.76015625 0.0609375 0.12109375
19 0.54921875 0.72890625 0.0609375 0.13359375
19 0.2125 0.70390625 0.046875 0.1453125
19 0.1609375 0.68125 0.0421875 0.10703125
19 0.03515625 0.68125 0.01171875 0.12421875
19 0.3015625 0.6734375 0.01015625 0.10234375
19 0.47578125 0.74609375 0.03203125 0.0859375