11 0.42890625 0.4734375 0.27265625 0.540625
11 0.55859375 0.49609375 0.2984375 0.40703125
11 0.4828125 0.51640625 0.60625 0.33046875
11 0.93359375 0.1921875 0.1328125 0.384375
11 0.8671875 0.15078125 0.0953125 0.30078125
11 0.59453125 0.09609375 0.1375 0.1921875
11 0.7671875 0.2203125 0.09375 0.440625
11 0.64453125 0.24609375 0.29765625 0.2046875
11 0.2734375 0.15859375 0.1640625 0.3171875
19 0.13984375 0.31640625 0.27890625 0.60078125
11 0.36796875 0.10390625 0.0390625 0.2078125
19 0.67890625 0.25625 0.13984375 0.2296875
19 0.7578125 0.32734375 0.01328125 0.35625
19 0.8078125 0.31015625 0.0953125 0.2984375