11 0.4515625 0.68984375 0.63671875 0.45234375
11 0.69296875 0.58046875 0.6140625 0.3546875
11 0.85078125 0.3671875 0.2984375 0.115625
11 0.13203125 0.7328125 0.26328125 0.534375
19 0.57734375 0.94921875 0.17421875 0.1015625
19 0.5109375 0.94921875 0.1328125 0.1015625
19 0.521875 0.90703125 0.09609375 0.0796875
19 0.45 0.87109375 0.0953125 0.0875
19 0.4484375 0.96484375 0.0546875 0.0703125
19 0.44296875 0.9203125 0.065625 0.06640625
19 0.40546875 0.9359375 0.034375 0.06875
19 0.3875 0.88203125 0.05 0.078125
19 0.4328125 0.8234375 0.0625 0.05859375