11 0.25703125 0.40078125 0.5140625 0.8015625
11 0.675 0.36875 0.48125 0.7375
19 0.29296875 0.6890625 0.04765625 0.359375
19 0.26484375 0.5453125 0.1546875 0.1984375
19 0.65078125 0.87734375 0.2265625 0.1484375
19 0.4296875 0.58828125 0.10859375 0.23984375
19 0.39609375 0.54765625 0.09765625 0.196875
19 0.44453125 0.5265625 0.10390625 0.153125
19 0.64609375 0.5671875 0.13125 0.10625
19 0.57265625 0.52734375 0.1421875 0.14765625
19 0.69140625 0.646875 0.0625 0.259375
19 0.8046875 0.6359375 0.1578125 0.2328125
19 0.7578125 0.5703125 0.084375 0.1796875
19 0.8890625 0.575 0.16875 0.17890625
19 0.75625 0.53515625 0.0640625 0.10078125