11 0.68125 0.68359375 0.6375 0.6328125
11 0.6125 0.61796875 0.31328125 0.28671875
11 0.4890625 0.57578125 0.29765625 0.23203125
11 0.4625 0.53359375 0.19765625 0.23359375
11 0.34453125 0.5203125 0.209375 0.21015625
11 0.284375 0.5 0.209375 0.20703125
11 0.190625 0.48515625 0.16796875 0.1265625
11 0.18671875 0.41953125 0.271875 0.26796875
11 0.5953125 0.30703125 0.103125 0.28359375
11 0.4828125 0.2546875 0.115625 0.2765625
11 0.3828125 0.26953125 0.121875 0.25859375
11 0.67734375 0.2296875 0.09296875 0.21015625